1300 0 0 0 concrete
0 1300 0 0 concrete
1300 1300 0 1300 concrete
1300 0 1300 1300 concrete
200 500 200 200 red_bricks
500 200 200 200 red_bricks
200 800 200 1100 red_bricks
500 1100 200 1100 red_bricks
1100 1100 800 1100 red_bricks
1100 800 1100 1100 red_bricks
1100 200 800 200 red_bricks
1100 500 1100 200 red_bricks
225 225 225 500 red_bricks
500 225 225 225 red_bricks
1075 225 800 225 red_bricks
1075 500 1075 225 red_bricks
1075 1075 1075 800 red_bricks
800 1075 1075 1075 red_bricks
225 1075 500 1075 red_bricks
225 800 225 1075 red_bricks
225 500 200 500 concrete2
500 225 500 200 concrete2
800 225 800 200 concrete2
1100 500 1075 500 concrete2
1100 800 1075 800 concrete2
800 1100 800 1075 concrete2
500 1100 500 1075 concrete2
225 800 200 800 concrete2
550 375 400 550 planks
700 525 550 375 planks
550 700 700 525 planks
400 550 550 700 planks
600 775 425 800 planks
625 950 600 775 planks
450 975 625 950 planks
425 800 450 975 planks
825 750 850 650 planks
925 775 825 750 planks
950 675 925 775 planks
850 650 950 675 planks
